m=16
 n      iter      time
1009    24664    1459000
2003    48449    4673600
3001    72702    2764500
4001    96965    4761800
5003    121866    4014900
6007    146406    5651700
7001    168638    7825400
8089    197168    12548800
9013    395330    22768600
10079    442739    22541200
15077    369764    6876200
20071    880400    11667500
30103    735038    12013300
40093    1757980    29324400
50069    1229986    19249200
60037    2622012    34941400
70061    1714195    29219500
80039    1968614    32388600
90023    2188699    38617400
100129    2458343    51809900
110017    2698659    53051900
120047    5225155    87961000
130073    5700758    97726700
140069    3398068    83501200
150089    3645852    89494400
160049    3883884    94283400
170057    4169578    115830500
180001    4419595    114303800
190121    8323754    167853800
200017    4916086    132507200
210037    9191278    168539000
220151    9579154    199023000
230003    5578046    173721400
240049    5886611    193560600
250013    10881438    259497300
260089    11314512    237135900
270029    6619251    203077600
280009    6795134    166116100
290033    7110911    175865800
300007    7349238    208865600


m = 32

1009    45043    2415900
2003    88627    2878200
3001    132551    2267700
4001    177360    2090300
5003    221394    2746400
6007    266397    3263300
7001    310183    3783700
8089    356518    4510600
9013    397496    4678300
10079    444437    5489400
15077    627145    5426700
20071    883171    11225900
30103    1325854    17654200
40093    1766810    23342000
50069    2199976    35963500
60037    2644009    34733700
70061    3074050    43130200
80039    3534846    79922400
90023    3971605    76243700
100129    4431381    89926800
110017    4826764    102258100
120047    5302939    93480600
130073    5741878    91631600
140069    6142954    109842300
150089    6628543    125076000
160049    7015637    130381400
170057    7515987    146981600
180001    7940010    192580500
190121    8335057    185882200
200017    8830743    171658100
210037    9205292    198744500
220151    9701523    201249200
230003    10148298    222008500
240049    10581543    337275300
250013    10959851    240284600
260089    11459318    258399600
270029    11899279    263649700
280009    12338838    252902200
290033    12796988    269495300
300007    13231490    271559500
